8.977950e-07
6.850245e+00
4.219267e+00
3.041271e+00
2.252067e+00
3.243747e+00
8.446132e-01
8.340665e-01
3.052070e+00
1.493400e+00
8.124053e-01
5.567451e-01
7.315794e-01
6.871748e-01
6.139309e-01
4.876085e-01
5.395821e-01
7.683899e-02
4.104967e-01
4.881231e-01
4.431204e-01
1.837777e-01
2.851034e-01
3.591792e-01
2.382982e-01
2.841925e-01
2.801181e-01
1.297684e-01
3.075613e-01
3.296741e-01
1.641083e-01
2.718241e-01
2.042414e-01
2.191612e-01
2.253110e-01
1.499669e-01
1.419442e-01
1.348060e-01
8.702405e-02
3.895679e-01
2.785470e-01
1.594777e-01
2.920406e-01
2.393870e-01
3.065820e-01
2.154145e-01
1.467323e-01
2.149104e-01
1.977541e-01
2.018078e-01
1.706128e-01
6.117163e-02
1.389109e-01
2.620597e-01
1.550113e-01
7.992104e-02
2.452926e-01
2.494866e-01
8.446775e-02
5.725356e-02
1.314778e-01
1.319007e-01
7.330303e-02
1.139963e-01
1.472944e-01
2.194526e-01
1.578763e-01
6.434198e-02
4.570898e-02
1.733421e-01
1.176680e-01
2.235471e-01
8.540837e-02
6.056617e-02
1.032120e-01
1.411526e-01
9.299152e-02
4.743582e-02
8.523324e-02
5.781619e-02
7.736827e-02
5.628637e-02
1.507743e-01
3.833195e-02
9.554512e-02
1.162299e-01
1.126575e-01
1.807630e-01
8.405402e-02
2.682964e-02
1.133187e-01
7.875464e-02
8.533213e-02
1.275906e-01
1.078213e-01
1.778100e-01
1.276870e-01
2.635694e-02
7.492710e-02
1.063330e-01
3.753395e-02
1.663125e-02
6.292044e-02
9.108491e-02
1.046793e-01
1.171208e-01
1.066125e-02
1.723117e-01
1.330755e-01
1.707615e-01
1.893032e-01
1.061423e-01
1.245271e-01
5.283683e-02
2.092162e-01
1.188318e-01
7.338144e-02
1.873964e-01
9.720044e-03
3.386746e-02
1.612730e-01
8.215901e-02
1.247166e-01
1.249258e-01
7.802524e-02
8.481005e-02
1.125830e-01
9.500455e-02
1.234444e-01
1.271936e-01
1.898073e-01
1.565493e-01
1.107350e-01
1.102779e-01
1.110180e-02
8.556494e-02
8.812494e-02
1.562030e-01
6.499171e-02
6.569956e-02
7.076877e-02
1.178861e-01
1.019637e-01
5.200882e-02
7.274320e-02
4.111266e-02
5.048649e-02
1.104877e-01
7.715999e-02
4.838581e-02
6.198819e-03
9.006310e-02
1.079425e-01
5.439601e-02
3.366382e-02
6.879002e-02
5.291323e-02
2.366873e-02
8.308391e-02
1.209234e-01
2.482007e-02
3.305181e-02
6.628762e-02
6.491567e-02
6.785274e-02
8.396077e-02
2.398358e-02
4.002886e-02
9.569778e-02
7.925302e-02
3.325269e-02
5.046698e-02
6.549597e-02
3.927157e-02
5.567859e-02
3.783888e-02
7.251589e-02
4.895028e-02
4.109599e-02
2.019025e-02
4.547382e-02
2.310983e-02
3.860053e-02
2.033197e-02
3.835833e-02
5.726309e-02
5.034898e-02
3.970016e-02
2.736334e-02
6.139653e-03
6.936615e-02
3.802969e-02
5.491464e-02
8.050079e-02
4.127704e-02
3.867074e-02
3.143380e-02
2.382192e-02
6.514929e-02
5.916782e-02
7.840196e-03
4.407816e-02
3.576455e-02
2.064365e-02
1.344902e-02
2.883750e-02
3.081383e-02
4.200220e-02
4.384859e-02
3.614601e-02
3.812368e-02
3.088725e-02
1.837011e-02
2.250873e-02
4.687308e-02
5.280248e-02
6.832054e-02
9.519785e-03
3.483352e-02
4.505124e-02
2.267318e-02
2.663984e-02
4.201692e-02
2.898283e-02
3.068793e-02
4.408767e-02
2.797133e-02
2.564037e-02
4.028273e-02
4.236044e-02
3.271836e-02
3.078612e-02
3.081041e-02
2.199298e-02
4.617204e-02
2.683613e-02
5.934309e-02
4.606542e-02
2.667122e-02
2.193674e-02
4.475622e-02
3.672792e-02
3.861869e-02
2.984921e-02
5.145124e-02
2.402211e-02
2.725335e-02
2.583580e-02
4.807917e-02
4.325081e-02
4.824858e-02
2.793155e-02
5.588274e-02
1.367724e-02
3.096874e-02
2.366080e-02
2.256883e-02
0.000000e+00
0.000000e+00
0.000000e+00
0.000000e+00
0.000000e+00
0.000000e+00
0.000000e+00
0.000000e+00
0.000000e+00
0.000000e+00
0.000000e+00
0.000000e+00
0.000000e+00
0.000000e+00
0.000000e+00
0.000000e+00
0.000000e+00
0.000000e+00
0.000000e+00
0.000000e+00
0.000000e+00
0.000000e+00
0.000000e+00
0.000000e+00
0.000000e+00
0.000000e+00
0.000000e+00
0.000000e+00
0.000000e+00
0.000000e+00
0.000000e+00
0.000000e+00
0.000000e+00
0.000000e+00
0.000000e+00
0.000000e+00
0.000000e+00
0.000000e+00
0.000000e+00
0.000000e+00
0.000000e+00
0.000000e+00
0.000000e+00
0.000000e+00
0.000000e+00
0.000000e+00
0.000000e+00
0.000000e+00
0.000000e+00
0.000000e+00
0.000000e+00
0.000000e+00
0.000000e+00
0.000000e+00
0.000000e+00
0.000000e+00
0.000000e+00
0.000000e+00
0.000000e+00
0.000000e+00
0.000000e+00
0.000000e+00
0.000000e+00
0.000000e+00
0.000000e+00
0.000000e+00
0.000000e+00
0.000000e+00
0.000000e+00
0.000000e+00
0.000000e+00
0.000000e+00
0.000000e+00
0.000000e+00
0.000000e+00
0.000000e+00
0.000000e+00
0.000000e+00
0.000000e+00
0.000000e+00
0.000000e+00
0.000000e+00
0.000000e+00
0.000000e+00
0.000000e+00
0.000000e+00
0.000000e+00
0.000000e+00
0.000000e+00
0.000000e+00
0.000000e+00
0.000000e+00
0.000000e+00
0.000000e+00
0.000000e+00
0.000000e+00
0.000000e+00
0.000000e+00
0.000000e+00
0.000000e+00
0.000000e+00
0.000000e+00
0.000000e+00
0.000000e+00
0.000000e+00
0.000000e+00
0.000000e+00
0.000000e+00
0.000000e+00
0.000000e+00
0.000000e+00
0.000000e+00
0.000000e+00
0.000000e+00
0.000000e+00
0.000000e+00
0.000000e+00
0.000000e+00
0.000000e+00
0.000000e+00
0.000000e+00
0.000000e+00
0.000000e+00
0.000000e+00
0.000000e+00
0.000000e+00
0.000000e+00
0.000000e+00
0.000000e+00
0.000000e+00
0.000000e+00
0.000000e+00
0.000000e+00
0.000000e+00
0.000000e+00
0.000000e+00
0.000000e+00
0.000000e+00
0.000000e+00
0.000000e+00
0.000000e+00
0.000000e+00
0.000000e+00
0.000000e+00
0.000000e+00
0.000000e+00
0.000000e+00
0.000000e+00
0.000000e+00
0.000000e+00
0.000000e+00
0.000000e+00
0.000000e+00
0.000000e+00
0.000000e+00
0.000000e+00
0.000000e+00
0.000000e+00
0.000000e+00
0.000000e+00
0.000000e+00
0.000000e+00
0.000000e+00
0.000000e+00
0.000000e+00
0.000000e+00
0.000000e+00
0.000000e+00
0.000000e+00
0.000000e+00
0.000000e+00
0.000000e+00
0.000000e+00
0.000000e+00
0.000000e+00
0.000000e+00
0.000000e+00
0.000000e+00
0.000000e+00
0.000000e+00
0.000000e+00
0.000000e+00
0.000000e+00
0.000000e+00
0.000000e+00
0.000000e+00
0.000000e+00
0.000000e+00
0.000000e+00
0.000000e+00
0.000000e+00
0.000000e+00
0.000000e+00
0.000000e+00
0.000000e+00
0.000000e+00
0.000000e+00
0.000000e+00
0.000000e+00
0.000000e+00
0.000000e+00
0.000000e+00
0.000000e+00
0.000000e+00
0.000000e+00
0.000000e+00
0.000000e+00
0.000000e+00
0.000000e+00
0.000000e+00
0.000000e+00
0.000000e+00
0.000000e+00
0.000000e+00
0.000000e+00
0.000000e+00
0.000000e+00
0.000000e+00
0.000000e+00
0.000000e+00
0.000000e+00
0.000000e+00
0.000000e+00
0.000000e+00
0.000000e+00
0.000000e+00
0.000000e+00
0.000000e+00
0.000000e+00
0.000000e+00
0.000000e+00
0.000000e+00
0.000000e+00
0.000000e+00
0.000000e+00
0.000000e+00
0.000000e+00
0.000000e+00
0.000000e+00
0.000000e+00
0.000000e+00
0.000000e+00
0.000000e+00
0.000000e+00
0.000000e+00
0.000000e+00
0.000000e+00
0.000000e+00
0.000000e+00
0.000000e+00
0.000000e+00
0.000000e+00
0.000000e+00
0.000000e+00
0.000000e+00
